nohup: ignoring input
/data2/qrxia/anaconda2/lib/python2.7/site-packages/torch/nn/modules/rnn.py:38: UserWarning: dropout option adds dropout after all but last recurrent layer, so non-zero dropout expects num_layers greater than 1, but got dropout=0.4 and num_layers=1
  "num_layers={}".format(dropout, num_layers))
/data2/qrxia/SRL-w-Heterogenous-Dep/src/baseline_w_heterogeneous_both/neural_srl/pytorch/layer.py:125: UserWarning: nn.init.orthogonal is now deprecated in favor of nn.init.orthogonal_.
  nn.init.orthogonal(self.linear.weight)
/data2/qrxia/SRL-w-Heterogenous-Dep/src/baseline_w_heterogeneous_both/neural_srl/pytorch/layer.py:126: UserWarning: nn.init.normal is now deprecated in favor of nn.init.normal_.
  nn.init.normal(self.linear.bias, 0.0, 0.01)
/data2/qrxia/SRL-w-Heterogenous-Dep/src/baseline_w_heterogeneous_both/neural_srl/pytorch/layer.py:146: UserWarning: nn.init.orthogonal is now deprecated in favor of nn.init.orthogonal_.
  torch.nn.init.orthogonal(self.linear.weight)
GPU available? True	 and GPU ID is : 6
Task is : SRL
../data/chn_srl/train.chinese.cpb1.0.jsonlines total sentences number 8828
../data/chn_srl/dev.chinese.cpb1.0.jsonlines total sentences number 561
Loaded 561 eval examples.
/data2/qrxia/data/chinese/embedding/giga.demo.0.7.window.10.word.emb.txt.filtered, embedding size=300
/data2/qrxia/data/chinese/embedding/giga.demo.0.7.word.emb.window.size.2.txt.filtered, embedding size=300
Load 5235 chars, Dictionary freezed.
Reading conll syntactic trees from /data2/qrxia/data/chinese/dependency/pctb7-stanford-auto-crf-postag-from-zhli/train.lt100.shuf.crfpos-fltd-0.01-10-fold.conll and the prune ratio is 0.8
Total 46427 conll trees, load 46427 conll syntactic trees.
Reading conll syntactic trees from /data2/qrxia/data/chinese/dependency/cdt/cdt2-train-ctb-pos.conll and the prune ratio is 0.8
Total 52450 conll trees, load 52450 conll syntactic trees.
Loading Dependency Trees duration was 0:00:34.
Extract 52193 words and 23 tags
Max training sentence length: 240
Max development sentence length: 145
word embedding shape [52193, 300], head embedding shape [16227, 300]
Word padding id 0, unk id 1
Head padding id 0, unk id 1
Char padding id 0, unk id 1
Dev data has 32 batches.
Data loading duration was 0:00:51.
Reading conll syntactic trees from /data2/qrxia/dependency-parsing/biaffine-parser/exp-pctb7/CPB1.0_auto_deps/train.5fold.auto.char.dep.conll
Load 8828 conll syntactic trees.
Reading conll syntactic trees from /data2/qrxia/dependency-parsing/biaffine-parser/exp-pctb7/CPB1.0_auto_deps/dev.auto.char.dep.conll
Load 561 conll syntactic trees.
Reading conll syntactic trees from /data2/qrxia/dependency-parsing/biaffine-parser/exp-cdt/CPB1.0_auto_deps/train.auto.char.dep.conll
Load 8828 conll syntactic trees.
Reading conll syntactic trees from /data2/qrxia/dependency-parsing/biaffine-parser/exp-cdt//CPB1.0_auto_deps/dev.auto.char.dep.conll
Load 561 conll syntactic trees.
Syntactic Information Extracting duration was 0:00:21.
[WARNING] Log directory cpb1.0_model is not empty, previous checkpoints might be overwritten
Preparation duration was 0:00:00.
('USE_GOLD_PREDICATES ? ', True)
BiLSTMTaggerModel initialize with GPU!
gamma (1,)
word_embedding.weight (52193, 300)
head_embedding.weight (16227, 300)
char_embedding.weight (5235, 100)
hete_dep_label_embeddings.0.weight (47, 100)
hete_dep_label_embeddings.1.weight (15, 100)
char_cnns.0.weight (100, 100, 3)
char_cnns.0.bias (100,)
char_cnns.1.weight (100, 100, 4)
char_cnns.1.bias (100,)
char_cnns.2.weight (100, 100, 5)
char_cnns.2.bias (100,)
softmax_dep_weights.0 (1,)
softmax_dep_weights.1 (1,)
softmax_dep_weights.2 (1,)
bilstm.lstm_project_layer.0.weight (400, 400)
bilstm.lstm_project_layer.0.bias (400,)
bilstm.lstm_project_layer.1.weight (400, 400)
bilstm.lstm_project_layer.1.bias (400,)
bilstm.fcells.0.linear.weight (600, 1400)
bilstm.fcells.0.linear.bias (600,)
bilstm.fcells.1.linear.weight (600, 600)
bilstm.fcells.1.linear.bias (600,)
bilstm.fcells.2.linear.weight (600, 600)
bilstm.fcells.2.linear.bias (600,)
bilstm.bcells.0.linear.weight (600, 1400)
bilstm.bcells.0.linear.bias (600,)
bilstm.bcells.1.linear.weight (600, 600)
bilstm.bcells.1.linear.bias (600,)
bilstm.bcells.2.linear.weight (600, 600)
bilstm.bcells.2.linear.bias (600,)
bilstm.f_initial.0 (2, 200)
bilstm.f_initial.1 (2, 200)
bilstm.f_initial.2 (2, 200)
bilstm.b_initial.0 (2, 200)
bilstm.b_initial.1 (2, 200)
bilstm.b_initial.2 (2, 200)
dep_bilstm.lstm_project_layer.0.weight (400, 400)
dep_bilstm.lstm_project_layer.0.bias (400,)
dep_bilstm.lstm_project_layer.1.weight (400, 400)
dep_bilstm.lstm_project_layer.1.bias (400,)
dep_bilstm.fcells.0.linear.weight (600, 800)
dep_bilstm.fcells.0.linear.bias (600,)
dep_bilstm.fcells.1.linear.weight (600, 600)
dep_bilstm.fcells.1.linear.bias (600,)
dep_bilstm.fcells.2.linear.weight (600, 600)
dep_bilstm.fcells.2.linear.bias (600,)
dep_bilstm.bcells.0.linear.weight (600, 800)
dep_bilstm.bcells.0.linear.bias (600,)
dep_bilstm.bcells.1.linear.weight (600, 600)
dep_bilstm.bcells.1.linear.bias (600,)
dep_bilstm.bcells.2.linear.weight (600, 600)
dep_bilstm.bcells.2.linear.bias (600,)
dep_bilstm.f_initial.0 (2, 200)
dep_bilstm.f_initial.1 (2, 200)
dep_bilstm.f_initial.2 (2, 200)
dep_bilstm.b_initial.0 (2, 200)
dep_bilstm.b_initial.1 (2, 200)
dep_bilstm.b_initial.2 (2, 200)
gcn.rnn.weight_ih_l0 (800, 600)
gcn.rnn.weight_hh_l0 (800, 200)
gcn.rnn.bias_ih_l0 (800,)
gcn.rnn.bias_hh_l0 (800,)
gcn.rnn.weight_ih_l0_reverse (800, 600)
gcn.rnn.weight_hh_l0_reverse (800, 200)
gcn.rnn.bias_ih_l0_reverse (800,)
gcn.rnn.bias_hh_l0_reverse (800,)
gcn.rnn_linear.weight (200, 400)
gcn.rnn_linear.bias (200,)
gcn.hete_dep_module.0.0.weight (100, 200)
gcn.hete_dep_module.0.0.bias (100,)
gcn.hete_dep_module.0.1.weight (100, 300)
gcn.hete_dep_module.0.1.bias (100,)
gcn.hete_dep_module.1.0.weight (100, 200)
gcn.hete_dep_module.1.0.bias (100,)
gcn.hete_dep_module.1.1.weight (100, 300)
gcn.hete_dep_module.1.1.bias (100,)
gcn.linear_outputs.0.weight (200, 200)
gcn.linear_outputs.0.bias (200,)
gcn.linear_outputs.1.weight (200, 200)
gcn.linear_outputs.1.bias (200,)
gcn.linear_combination.weight (200, 400)
gcn.linear_combination.bias (200,)
span_width_embedding.weight (30, 20)
context_projective_layer.weight (1, 400)
context_projective_layer.bias (1,)
arg_unary_score_layers.0.weight (150, 1220)
arg_unary_score_layers.0.bias (150,)
arg_unary_score_layers.1.weight (150, 150)
arg_unary_score_layers.1.bias (150,)
arg_unary_score_projection.weight (1, 150)
arg_unary_score_projection.bias (1,)
pred_unary_score_layers.0.weight (150, 400)
pred_unary_score_layers.0.bias (150,)
pred_unary_score_layers.1.weight (150, 150)
pred_unary_score_layers.1.bias (150,)
pred_unary_score_projection.weight (1, 150)
pred_unary_score_projection.bias (1,)
srl_unary_score_layers.0.weight (150, 1620)
srl_unary_score_layers.0.bias (150,)
srl_unary_score_layers.1.weight (150, 150)
srl_unary_score_layers.1.bias (150,)
srl_unary_score_projection.weight (22, 150)
srl_unary_score_projection.bias (22,)
biaffine_scorers.0.mlp_arc_dep.linear.weight (600, 400)
biaffine_scorers.0.mlp_arc_dep.linear.bias (600,)
biaffine_scorers.0.mlp_arc_head.linear.weight (600, 400)
biaffine_scorers.0.mlp_arc_head.linear.bias (600,)
biaffine_scorers.0.arc_biaffine.linear.weight (500, 501)
biaffine_scorers.0.rel_biaffine.linear.weight (4747, 101)
biaffine_scorers.1.mlp_arc_dep.linear.weight (600, 400)
biaffine_scorers.1.mlp_arc_dep.linear.bias (600,)
biaffine_scorers.1.mlp_arc_head.linear.weight (600, 400)
biaffine_scorers.1.mlp_arc_head.linear.bias (600,)
biaffine_scorers.1.arc_biaffine.linear.weight (500, 501)
biaffine_scorers.1.rel_biaffine.linear.weight (1515, 101)
Building NN model duration was 0:00:06.
Extracted 46427 samples and 1591 batches.
Extracted 52450 samples and 1502 batches.
Extracted 8806 samples and 305 batches.
[(1591, 1591), (1591, 1502)]
('zipped dep treebanks size', 1591)
('max dep batch size is', 1591, ' ; min dep batch size', 1502)
After mix operation, the resulting training batch size is 1525
250 training steps, loss=4692.592, steps/s=0.52 took 0:08:00 (0:08:00 since last tick).
500 training steps, loss=2778.778, steps/s=0.52 took 0:15:56 (0:07:56 since last tick).
750 training steps, loss=2356.229, steps/s=0.53 took 0:23:45 (0:07:48 since last tick).
1000 training steps, loss=2175.322, steps/s=0.52 took 0:31:52 (0:08:06 since last tick).
1250 training steps, loss=2034.926, steps/s=0.52 took 0:39:51 (0:07:59 since last tick).
1500 training steps, loss=1931.069, steps/s=0.52 took 0:47:51 (0:08:00 since last tick).
Epoch 0, steps=25, loss=1892.229
Evaluating
Dev loss=163.007427
SRL (unofficial): Precision: 77.9355659178, Recall: 74.9185004075, F1: 76.3972574278
Unlabeled SRL (unofficial): Precision: 85.7142857143, Recall: 82.3960880196, F1: 84.0224392271
gold path ../data/chn_srl/dev/dev.props
Output temp outoput /tmp/srl_pred_34743.tmp
Number of Sentences    :         561
Number of Propositions :        2064
Percentage of perfect props :  46.17

              corr.  excess  missed    prec.    rec.      F1
------------------------------------------------------------
   Overall     3677    1041    1231    77.94   74.92   76.40
----------
        A0      973     421     319    69.80   75.31   72.45
        A1     1349     265     382    83.58   77.93   80.66
        A2       46      28     172    62.16   21.10   31.51
        A3        0       0      15     0.00    0.00    0.00
        A4        0       0       9     0.00    0.00    0.00
    AM-ADV      687      61     141    91.84   82.97   87.18
    AM-ASP        0       0       1     0.00    0.00    0.00
    AM-BNF        7       7       4    50.00   63.64   56.00
    AM-CND        0       0       7     0.00    0.00    0.00
    AM-DIR        0       1      12     0.00    0.00    0.00
    AM-DIS       23      29      19    44.23   54.76   48.94
    AM-EXT        0       0       8     0.00    0.00    0.00
    AM-LOC      109      40      45    73.15   70.78   71.95
    AM-MNR       98      44      25    69.01   79.67   73.96
    AM-PRP       32      13       7    71.11   82.05   76.19
    AM-TMP      353     132      57    72.78   86.10   78.88
    AM-TPC        0       0       8     0.00    0.00    0.00
------------------------------------------------------------
         V     2064       0       0   100.00  100.00  100.00
------------------------------------------------------------

Number of Sentences    :         561
Number of Propositions :        2064
Percentage of perfect props :  46.17

              corr.  excess  missed    prec.    rec.      F1
------------------------------------------------------------
   Overall     3677    1231    1041    74.92   77.94   76.40
----------
        A0      973     319     421    75.31   69.80   72.45
        A1     1349     382     265    77.93   83.58   80.66
        A2       46     172      28    21.10   62.16   31.51
        A3        0      15       0     0.00    0.00    0.00
        A4        0       9       0     0.00    0.00    0.00
    AM-ADV      687     141      61    82.97   91.84   87.18
    AM-ASP        0       1       0     0.00    0.00    0.00
    AM-BNF        7       4       7    63.64   50.00   56.00
    AM-CND        0       7       0     0.00    0.00    0.00
    AM-DIR        0      12       1     0.00    0.00    0.00
    AM-DIS       23      19      29    54.76   44.23   48.94
    AM-EXT        0       8       0     0.00    0.00    0.00
    AM-LOC      109      45      40    70.78   73.15   71.95
    AM-MNR       98      25      44    79.67   69.01   73.96
    AM-PRP       32       7      13    82.05   71.11   76.19
    AM-TMP      353      57     132    86.10   72.78   78.88
    AM-TPC        0       8       0     0.00    0.00    0.00
------------------------------------------------------------
         V     2064       0       0   100.00  100.00  100.00
------------------------------------------------------------

Official CoNLL Precision=77.94, Recall=74.92, Fscore=76.4001674735
Saved model to: cpb1.0_model/model
Evaluation duration was 0:00:19.
Epoch0 duration was 0:49:01.
Extracted 46427 samples and 1590 batches.
Extracted 52450 samples and 1501 batches.
Extracted 8806 samples and 305 batches.
[(1590, 1590), (1590, 1501)]
('zipped dep treebanks size', 1590)
('max dep batch size is', 1590, ' ; min dep batch size', 1501)
After mix operation, the resulting training batch size is 1525
1775 training steps, loss=1842.579, steps/s=3.74 took 0:07:55 (0:07:55 since last tick).
2025 training steps, loss=1776.014, steps/s=2.11 took 0:15:58 (0:08:03 since last tick).
2275 training steps, loss=1736.471, steps/s=1.58 took 0:23:59 (0:08:00 since last tick).
2525 training steps, loss=1712.104, steps/s=1.31 took 0:32:05 (0:08:06 since last tick).
2775 training steps, loss=1683.766, steps/s=1.15 took 0:40:15 (0:08:09 since last tick).
3025 training steps, loss=1651.588, steps/s=1.04 took 0:48:29 (0:08:13 since last tick).
Epoch 1, steps=25, loss=1645.860
Evaluating
Dev loss=141.873592
SRL (unofficial): Precision: 80.5065393398, Recall: 79.0138549307, F1: 79.7532133676
Unlabeled SRL (unofficial): Precision: 86.6099231887, Recall: 85.0040749796, F1: 85.7994858612
gold path ../data/chn_srl/dev/dev.props
Output temp outoput /tmp/srl_pred_34743.tmp
Number of Sentences    :         561
Number of Propositions :        2064
Percentage of perfect props :  52.33

              corr.  excess  missed    prec.    rec.      F1
------------------------------------------------------------
   Overall     3878     939    1030    80.51   79.01   79.75
----------
        A0     1044     366     248    74.04   80.80   77.28
        A1     1405     227     326    86.09   81.17   83.56
        A2      100      42     118    70.42   45.87   55.56
        A3        2       3      13    40.00   13.33   20.00
        A4        0       0       9     0.00    0.00    0.00
    AM-ADV      707      77     121    90.18   85.39   87.72
    AM-ASP        0       0       1     0.00    0.00    0.00
    AM-BNF        7       6       4    53.85   63.64   58.33
    AM-CND        4       2       3    66.67   57.14   61.54
    AM-DIR        1       1      11    50.00    8.33   14.29
    AM-DIS       22      24      20    47.83   52.38   50.00
    AM-EXT        3       0       5   100.00   37.50   54.55
    AM-LOC      112      32      42    77.78   72.73   75.17
    AM-MNR      105      57      18    64.81   85.37   73.68
    AM-PRP       30      11       9    73.17   76.92   75.00
    AM-TMP      336      90      74    78.87   81.95   80.38
    AM-TPC        0       1       8     0.00    0.00    0.00
------------------------------------------------------------
         V     2064       0       0   100.00  100.00  100.00
------------------------------------------------------------

Number of Sentences    :         561
Number of Propositions :        2064
Percentage of perfect props :  52.33

              corr.  excess  missed    prec.    rec.      F1
------------------------------------------------------------
   Overall     3878    1030     939    79.01   80.51   79.75
----------
        A0     1044     248     366    80.80   74.04   77.28
        A1     1405     326     227    81.17   86.09   83.56
        A2      100     118      42    45.87   70.42   55.56
        A3        2      13       3    13.33   40.00   20.00
        A4        0       9       0     0.00    0.00    0.00
    AM-ADV      707     121      77    85.39   90.18   87.72
    AM-ASP        0       1       0     0.00    0.00    0.00
    AM-BNF        7       4       6    63.64   53.85   58.33
    AM-CND        4       3       2    57.14   66.67   61.54
    AM-DIR        1      11       1     8.33   50.00   14.29
    AM-DIS       22      20      24    52.38   47.83   50.00
    AM-EXT        3       5       0    37.50  100.00   54.55
    AM-LOC      112      42      32    72.73   77.78   75.17
    AM-MNR      105      18      57    85.37   64.81   73.68
    AM-PRP       30       9      11    76.92   73.17   75.00
    AM-TMP      336      74      90    81.95   78.87   80.38
    AM-TPC        0       8       1     0.00    0.00    0.00
------------------------------------------------------------
         V     2064       0       0   100.00  100.00  100.00
------------------------------------------------------------

Official CoNLL Precision=80.51, Recall=79.01, Fscore=79.7529475928
Saved model to: cpb1.0_model/model
Evaluation duration was 0:00:18.
Epoch1 duration was 0:49:41.
Extracted 46427 samples and 1592 batches.
Extracted 52450 samples and 1502 batches.
Extracted 8806 samples and 305 batches.
[(1592, 1592), (1592, 1502)]
('zipped dep treebanks size', 1592)
('max dep batch size is', 1592, ' ; min dep batch size', 1502)
After mix operation, the resulting training batch size is 1525
3300 training steps, loss=1584.586, steps/s=6.54 took 0:08:24 (0:08:24 since last tick).
3550 training steps, loss=1564.248, steps/s=3.51 took 0:16:52 (0:08:27 since last tick).
3800 training steps, loss=1545.331, steps/s=2.51 took 0:25:13 (0:08:21 since last tick).
4050 training steps, loss=1546.758, steps/s=2.03 took 0:33:16 (0:08:02 since last tick).
4300 training steps, loss=1510.728, steps/s=1.74 took 0:41:13 (0:07:57 since last tick).
4550 training steps, loss=1497.434, steps/s=1.54 took 0:49:09 (0:07:55 since last tick).
Epoch 2, steps=25, loss=1459.552
Evaluating
Dev loss=134.750206
SRL (unofficial): Precision: 81.7146407124, Recall: 80.3993480033, F1: 81.0516586218
Unlabeled SRL (unofficial): Precision: 87.1401946573, Recall: 85.7375713121, F1: 86.4331929752
gold path ../data/chn_srl/dev/dev.props
Output temp outoput /tmp/srl_pred_34743.tmp
Number of Sentences    :         561
Number of Propositions :        2064
Percentage of perfect props :  54.60

              corr.  excess  missed    prec.    rec.      F1
------------------------------------------------------------
   Overall     3946     883     962    81.71   80.40   81.05
----------
        A0     1051     346     241    75.23   81.35   78.17
        A1     1440     202     291    87.70   83.19   85.38
        A2      126      45      92    73.68   57.80   64.78
        A3        3       3      12    50.00   20.00   28.57
        A4        2       1       7    66.67   22.22   33.33
    AM-ADV      716      75     112    90.52   86.47   88.45
    AM-ASP        0       0       1     0.00    0.00    0.00
    AM-BNF        6       7       5    46.15   54.55   50.00
    AM-CND        3       3       4    50.00   42.86   46.15
    AM-DIR        0       0      12     0.00    0.00    0.00
    AM-DIS       27      28      15    49.09   64.29   55.67
    AM-EXT        4       0       4   100.00   50.00   66.67
    AM-LOC      112      32      42    77.78   72.73   75.17
    AM-MNR       97      40      26    70.80   78.86   74.62
    AM-PRP       32      11       7    74.42   82.05   78.05
    AM-TMP      327      89      83    78.61   79.76   79.18
    AM-TPC        0       1       8     0.00    0.00    0.00
------------------------------------------------------------
         V     2064       0       0   100.00  100.00  100.00
------------------------------------------------------------

Number of Sentences    :         561
Number of Propositions :        2064
Percentage of perfect props :  54.60

              corr.  excess  missed    prec.    rec.      F1
------------------------------------------------------------
   Overall     3946     962     883    80.40   81.71   81.05
----------
        A0     1051     241     346    81.35   75.23   78.17
        A1     1440     291     202    83.19   87.70   85.38
        A2      126      92      45    57.80   73.68   64.78
        A3        3      12       3    20.00   50.00   28.57
        A4        2       7       1    22.22   66.67   33.33
    AM-ADV      716     112      75    86.47   90.52   88.45
    AM-ASP        0       1       0     0.00    0.00    0.00
    AM-BNF        6       5       7    54.55   46.15   50.00
    AM-CND        3       4       3    42.86   50.00   46.15
    AM-DIR        0      12       0     0.00    0.00    0.00
    AM-DIS       27      15      28    64.29   49.09   55.67
    AM-EXT        4       4       0    50.00  100.00   66.67
    AM-LOC      112      42      32    72.73   77.78   75.17
    AM-MNR       97      26      40    78.86   70.80   74.62
    AM-PRP       32       7      11    82.05   74.42   78.05
    AM-TMP      327      83      89    79.76   78.61   79.18
    AM-TPC        0       8       1     0.00    0.00    0.00
------------------------------------------------------------
         V     2064       0       0   100.00  100.00  100.00
------------------------------------------------------------

Official CoNLL Precision=81.71, Recall=80.4, Fscore=81.0497069891
Saved model to: cpb1.0_model/model
Evaluation duration was 0:00:18.
Epoch2 duration was 0:50:17.
Extracted 46427 samples and 1591 batches.
Extracted 52450 samples and 1502 batches.
Extracted 8806 samples and 305 batches.
[(1591, 1591), (1591, 1502)]
('zipped dep treebanks size', 1591)
('max dep batch size is', 1591, ' ; min dep batch size', 1502)
After mix operation, the resulting training batch size is 1525
4825 training steps, loss=1466.173, steps/s=10.02 took 0:08:01 (0:08:01 since last tick).
5075 training steps, loss=1422.806, steps/s=5.21 took 0:16:13 (0:08:12 since last tick).
5325 training steps, loss=1427.001, steps/s=3.67 took 0:24:09 (0:07:56 since last tick).
5575 training steps, loss=1436.480, steps/s=2.88 took 0:32:16 (0:08:06 since last tick).
5825 training steps, loss=1414.623, steps/s=2.42 took 0:40:10 (0:07:54 since last tick).
6075 training steps, loss=1419.471, steps/s=2.11 took 0:48:02 (0:07:51 since last tick).
Epoch 3, steps=25, loss=1370.139
Evaluating
Dev loss=137.029860
SRL (unofficial): Precision: 82.6268532053, Recall: 80.6234718826, F1: 81.6128699598
Unlabeled SRL (unofficial): Precision: 87.805387346, Recall: 85.6764466178, F1: 86.7278539755
gold path ../data/chn_srl/dev/dev.props
Output temp outoput /tmp/srl_pred_34743.tmp
Number of Sentences    :         561
Number of Propositions :        2064
Percentage of perfect props :  56.15

              corr.  excess  missed    prec.    rec.      F1
------------------------------------------------------------
   Overall     3957     832     951    82.63   80.62   81.61
----------
        A0     1038     299     254    77.64   80.34   78.97
        A1     1473     235     258    86.24   85.10   85.66
        A2      124      40      94    75.61   56.88   64.92
        A3        1       3      14    25.00    6.67   10.53
        A4        4       1       5    80.00   44.44   57.14
    AM-ADV      715      69     113    91.20   86.35   88.71
    AM-ASP        0       0       1     0.00    0.00    0.00
    AM-BNF        6       7       5    46.15   54.55   50.00
    AM-CND        4       1       3    80.00   57.14   66.67
    AM-DIR        0       1      12     0.00    0.00    0.00
    AM-DIS       26      25      16    50.98   61.90   55.91
    AM-EXT        4       1       4    80.00   50.00   61.54
    AM-LOC      112      21      42    84.21   72.73   78.05
    AM-MNR      100      39      23    71.94   81.30   76.34
    AM-PRP       28       5      11    84.85   71.79   77.78
    AM-TMP      322      84      88    79.31   78.54   78.92
    AM-TPC        0       1       8     0.00    0.00    0.00
------------------------------------------------------------
         V     2064       0       0   100.00  100.00  100.00
------------------------------------------------------------

Number of Sentences    :         561
Number of Propositions :        2064
Percentage of perfect props :  56.15

              corr.  excess  missed    prec.    rec.      F1
------------------------------------------------------------
   Overall     3957     951     832    80.62   82.63   81.61
----------
        A0     1038     254     299    80.34   77.64   78.97
        A1     1473     258     235    85.10   86.24   85.66
        A2      124      94      40    56.88   75.61   64.92
        A3        1      14       3     6.67   25.00   10.53
        A4        4       5       1    44.44   80.00   57.14
    AM-ADV      715     113      69    86.35   91.20   88.71
    AM-ASP        0       1       0     0.00    0.00    0.00
    AM-BNF        6       5       7    54.55   46.15   50.00
    AM-CND        4       3       1    57.14   80.00   66.67
    AM-DIR        0      12       1     0.00    0.00    0.00
    AM-DIS       26      16      25    61.90   50.98   55.91
    AM-EXT        4       4       1    50.00   80.00   61.54
    AM-LOC      112      42      21    72.73   84.21   78.05
    AM-MNR      100      23      39    81.30   71.94   76.34
    AM-PRP       28      11       5    71.79   84.85   77.78
    AM-TMP      322      88      84    78.54   79.31   78.92
    AM-TPC        0       8       1     0.00    0.00    0.00
------------------------------------------------------------
         V     2064       0       0   100.00  100.00  100.00
------------------------------------------------------------

Official CoNLL Precision=82.63, Recall=80.62, Fscore=81.6126260337
Saved model to: cpb1.0_model/model
Evaluation duration was 0:00:18.
Epoch3 duration was 0:49:12.
Extracted 46427 samples and 1591 batches.
Extracted 52450 samples and 1502 batches.
Extracted 8806 samples and 305 batches.
[(1591, 1591), (1591, 1502)]
('zipped dep treebanks size', 1591)
('max dep batch size is', 1591, ' ; min dep batch size', 1502)
After mix operation, the resulting training batch size is 1525
6350 training steps, loss=1356.985, steps/s=13.49 took 0:07:50 (0:07:50 since last tick).
6600 training steps, loss=1363.237, steps/s=6.93 took 0:15:52 (0:08:01 since last tick).
6850 training steps, loss=1357.429, steps/s=4.80 took 0:23:46 (0:07:53 since last tick).
7100 training steps, loss=1365.769, steps/s=3.74 took 0:31:39 (0:07:53 since last tick).
7350 training steps, loss=1349.563, steps/s=3.08 took 0:39:49 (0:08:09 since last tick).
7600 training steps, loss=1352.510, steps/s=2.65 took 0:47:45 (0:07:56 since last tick).
Epoch 4, steps=25, loss=1296.496
Evaluating
Dev loss=136.465733
SRL (unofficial): Precision: 82.3806597009, Recall: 81.9274653627, F1: 82.1534375319
Unlabeled SRL (unofficial): Precision: 87.0313460356, Recall: 86.5525672372, F1: 86.791296353
gold path ../data/chn_srl/dev/dev.props
Output temp outoput /tmp/srl_pred_34743.tmp
Number of Sentences    :         561
Number of Propositions :        2064
Percentage of perfect props :  56.93

              corr.  excess  missed    prec.    rec.      F1
------------------------------------------------------------
   Overall     4021     860     887    82.38   81.93   82.15
----------
        A0     1062     310     230    77.41   82.20   79.73
        A1     1471     209     260    87.56   84.98   86.25
        A2      149      55      69    73.04   68.35   70.62
        A3        1       6      14    14.29    6.67    9.09
        A4        0       0       9     0.00    0.00    0.00
    AM-ADV      718      62     110    92.05   86.71   89.30
    AM-ASP        0       0       1     0.00    0.00    0.00
    AM-BNF        5       7       6    41.67   45.45   43.48
    AM-CND        3       0       4   100.00   42.86   60.00
    AM-DIR        2       1      10    66.67   16.67   26.67
    AM-DIS       26      32      16    44.83   61.90   52.00
    AM-EXT        5       1       3    83.33   62.50   71.43
    AM-LOC      115      29      39    79.86   74.68   77.18
    AM-MNR      103      46      20    69.13   83.74   75.74
    AM-PRP       28       6      11    82.35   71.79   76.71
    AM-TMP      333      94      77    77.99   81.22   79.57
    AM-TPC        0       2       8     0.00    0.00    0.00
------------------------------------------------------------
         V     2064       0       0   100.00  100.00  100.00
------------------------------------------------------------

Number of Sentences    :         561
Number of Propositions :        2064
Percentage of perfect props :  56.93

              corr.  excess  missed    prec.    rec.      F1
------------------------------------------------------------
   Overall     4021     887     860    81.93   82.38   82.15
----------
        A0     1062     230     310    82.20   77.41   79.73
        A1     1471     260     209    84.98   87.56   86.25
        A2      149      69      55    68.35   73.04   70.62
        A3        1      14       6     6.67   14.29    9.09
        A4        0       9       0     0.00    0.00    0.00
    AM-ADV      718     110      62    86.71   92.05   89.30
    AM-ASP        0       1       0     0.00    0.00    0.00
    AM-BNF        5       6       7    45.45   41.67   43.48
    AM-CND        3       4       0    42.86  100.00   60.00
    AM-DIR        2      10       1    16.67   66.67   26.67
    AM-DIS       26      16      32    61.90   44.83   52.00
    AM-EXT        5       3       1    62.50   83.33   71.43
    AM-LOC      115      39      29    74.68   79.86   77.18
    AM-MNR      103      20      46    83.74   69.13   75.74
    AM-PRP       28      11       6    71.79   82.35   76.71
    AM-TMP      333      77      94    81.22   77.99   79.57
    AM-TPC        0       8       2     0.00    0.00    0.00
------------------------------------------------------------
         V     2064       0       0   100.00  100.00  100.00
------------------------------------------------------------

Official CoNLL Precision=82.38, Recall=81.93, Fscore=82.1543837867
Saved model to: cpb1.0_model/model
Evaluation duration was 0:00:19.
Epoch4 duration was 0:48:55.
Extracted 46427 samples and 1590 batches.
Extracted 52450 samples and 1503 batches.
Extracted 8806 samples and 305 batches.
[(1590, 1590), (1590, 1503)]
('zipped dep treebanks size', 1590)
('max dep batch size is', 1590, ' ; min dep batch size', 1503)
After mix operation, the resulting training batch size is 1525
7875 training steps, loss=1309.213, steps/s=16.55 took 0:07:55 (0:07:55 since last tick).
8125 training steps, loss=1297.339, steps/s=8.51 took 0:15:54 (0:07:58 since last tick).
8375 training steps, loss=1304.640, steps/s=5.89 took 0:23:42 (0:07:48 since last tick).
8625 training steps, loss=1303.847, steps/s=4.54 took 0:31:40 (0:07:58 since last tick).
8875 training steps, loss=1308.043, steps/s=3.73 took 0:39:40 (0:07:59 since last tick).
9125 training steps, loss=1277.438, steps/s=3.18 took 0:47:45 (0:08:04 since last tick).
Epoch 5, steps=25, loss=1335.548
Evaluating
Dev loss=143.803392
SRL (unofficial): Precision: 83.4102348993, Recall: 81.0309698452, F1: 82.2033898305
Unlabeled SRL (unofficial): Precision: 87.8984899329, Recall: 85.391198044, F1: 86.6267052501
gold path ../data/chn_srl/dev/dev.props
Output temp outoput /tmp/srl_pred_34743.tmp
Number of Sentences    :         561
Number of Propositions :        2064
Percentage of perfect props :  57.66

              corr.  excess  missed    prec.    rec.      F1
------------------------------------------------------------
   Overall     3977     791     931    83.41   81.03   82.20
----------
        A0     1037     280     255    78.74   80.26   79.49
        A1     1449     200     282    87.87   83.71   85.74
        A2      160      59      58    73.06   73.39   73.23
        A3        4       2      11    66.67   26.67   38.10
        A4        4       0       5   100.00   44.44   61.54
    AM-ADV      717      74     111    90.64   86.59   88.57
    AM-ASP        0       0       1     0.00    0.00    0.00
    AM-BNF        7       7       4    50.00   63.64   56.00
    AM-CND        4       1       3    80.00   57.14   66.67
    AM-DIR        1       1      11    50.00    8.33   14.29
    AM-DIS       21      23      21    47.73   50.00   48.84
    AM-EXT        4       0       4   100.00   50.00   66.67
    AM-LOC      119      30      35    79.87   77.27   78.55
    AM-MNR       96      35      27    73.28   78.05   75.59
    AM-PRP       26       6      13    81.25   66.67   73.24
    AM-TMP      328      72      82    82.00   80.00   80.99
    AM-TPC        0       1       8     0.00    0.00    0.00
------------------------------------------------------------
         V     2064       0       0   100.00  100.00  100.00
------------------------------------------------------------

Number of Sentences    :         561
Number of Propositions :        2064
Percentage of perfect props :  57.66

              corr.  excess  missed    prec.    rec.      F1
------------------------------------------------------------
   Overall     3977     931     791    81.03   83.41   82.20
----------
        A0     1037     255     280    80.26   78.74   79.49
        A1     1449     282     200    83.71   87.87   85.74
        A2      160      58      59    73.39   73.06   73.23
        A3        4      11       2    26.67   66.67   38.10
        A4        4       5       0    44.44  100.00   61.54
    AM-ADV      717     111      74    86.59   90.64   88.57
    AM-ASP        0       1       0     0.00    0.00    0.00
    AM-BNF        7       4       7    63.64   50.00   56.00
    AM-CND        4       3       1    57.14   80.00   66.67
    AM-DIR        1      11       1     8.33   50.00   14.29
    AM-DIS       21      21      23    50.00   47.73   48.84
    AM-EXT        4       4       0    50.00  100.00   66.67
    AM-LOC      119      35      30    77.27   79.87   78.55
    AM-MNR       96      27      35    78.05   73.28   75.59
    AM-PRP       26      13       6    66.67   81.25   73.24
    AM-TMP      328      82      72    80.00   82.00   80.99
    AM-TPC        0       8       1     0.00    0.00    0.00
------------------------------------------------------------
         V     2064       0       0   100.00  100.00  100.00
------------------------------------------------------------

Official CoNLL Precision=83.41, Recall=81.03, Fscore=82.2027766967
Saved model to: cpb1.0_model/model
Evaluation duration was 0:00:19.
Epoch5 duration was 0:49:00.
Extracted 46427 samples and 1591 batches.
Extracted 52450 samples and 1502 batches.
Extracted 8806 samples and 305 batches.
[(1591, 1591), (1591, 1502)]
('zipped dep treebanks size', 1591)
('max dep batch size is', 1591, ' ; min dep batch size', 1502)
After mix operation, the resulting training batch size is 1525
9400 training steps, loss=1262.153, steps/s=19.04 took 0:08:13 (0:08:13 since last tick).
9650 training steps, loss=1253.115, steps/s=9.89 took 0:16:15 (0:08:02 since last tick).
9900 training steps, loss=1260.214, steps/s=6.80 took 0:24:16 (0:08:00 since last tick).
10150 training steps, loss=1254.712, steps/s=5.23 took 0:32:19 (0:08:02 since last tick).
10400 training steps, loss=1257.847, steps/s=4.29 took 0:40:26 (0:08:07 since last tick).
10650 training steps, loss=1254.539, steps/s=3.67 took 0:48:19 (0:07:53 since last tick).
Epoch 6, steps=25, loss=1200.947
Evaluating
Dev loss=139.527648
SRL (unofficial): Precision: 83.6879432624, Recall: 81.7440912795, F1: 82.7045969903
Unlabeled SRL (unofficial): Precision: 88.2352941176, Recall: 86.1858190709, F1: 87.1985157699
gold path ../data/chn_srl/dev/dev.props
Output temp outoput /tmp/srl_pred_34743.tmp
Number of Sentences    :         561
Number of Propositions :        2064
Percentage of perfect props :  57.99

              corr.  excess  missed    prec.    rec.      F1
------------------------------------------------------------
   Overall     4012     782     896    83.69   81.74   82.70
----------
        A0     1044     276     248    79.09   80.80   79.94
        A1     1489     208     242    87.74   86.02   86.87
        A2      157      48      61    76.59   72.02   74.23
        A3        4       3      11    57.14   26.67   36.36
        A4        6       2       3    75.00   66.67   70.59
    AM-ADV      710      65     118    91.61   85.75   88.58
    AM-ASP        0       0       1     0.00    0.00    0.00
    AM-BNF        5       7       6    41.67   45.45   43.48
    AM-CND        5       2       2    71.43   71.43   71.43
    AM-DIR        1       5      11    16.67    8.33   11.11
    AM-DIS       23      24      19    48.94   54.76   51.69
    AM-EXT        5       0       3   100.00   62.50   76.92
    AM-LOC      117      27      37    81.25   75.97   78.52
    AM-MNR       98      41      25    70.50   79.67   74.81
    AM-PRP       27       4      12    87.10   69.23   77.14
    AM-TMP      321      67      89    82.73   78.29   80.45
    AM-TPC        0       3       8     0.00    0.00    0.00
------------------------------------------------------------
         V     2064       0       0   100.00  100.00  100.00
------------------------------------------------------------

Number of Sentences    :         561
Number of Propositions :        2064
Percentage of perfect props :  57.99

              corr.  excess  missed    prec.    rec.      F1
------------------------------------------------------------
   Overall     4012     896     782    81.74   83.69   82.70
----------
        A0     1044     248     276    80.80   79.09   79.94
        A1     1489     242     208    86.02   87.74   86.87
        A2      157      61      48    72.02   76.59   74.23
        A3        4      11       3    26.67   57.14   36.36
        A4        6       3       2    66.67   75.00   70.59
    AM-ADV      710     118      65    85.75   91.61   88.58
    AM-ASP        0       1       0     0.00    0.00    0.00
    AM-BNF        5       6       7    45.45   41.67   43.48
    AM-CND        5       2       2    71.43   71.43   71.43
    AM-DIR        1      11       5     8.33   16.67   11.11
    AM-DIS       23      19      24    54.76   48.94   51.69
    AM-EXT        5       3       0    62.50  100.00   76.92
    AM-LOC      117      37      27    75.97   81.25   78.52
    AM-MNR       98      25      41    79.67   70.50   74.81
    AM-PRP       27      12       4    69.23   87.10   77.14
    AM-TMP      321      89      67    78.29   82.73   80.45
    AM-TPC        0       8       3     0.00    0.00    0.00
------------------------------------------------------------
         V     2064       0       0   100.00  100.00  100.00
------------------------------------------------------------

Official CoNLL Precision=83.69, Recall=81.74, Fscore=82.7035072236
Saved model to: cpb1.0_model/model
Evaluation duration was 0:00:20.
Epoch6 duration was 0:49:32.
Extracted 46427 samples and 1593 batches.
Extracted 52450 samples and 1502 batches.
Extracted 8806 samples and 305 batches.
[(1593, 1593), (1593, 1502)]
('zipped dep treebanks size', 1593)
('max dep batch size is', 1593, ' ; min dep batch size', 1502)
After mix operation, the resulting training batch size is 1525
10925 training steps, loss=1219.225, steps/s=22.99 took 0:07:55 (0:07:55 since last tick).
11175 training steps, loss=1226.101, steps/s=11.55 took 0:16:07 (0:08:12 since last tick).
11425 training steps, loss=1215.906, steps/s=7.88 took 0:24:10 (0:08:02 since last tick).
11675 training steps, loss=1224.369, steps/s=6.02 took 0:32:20 (0:08:10 since last tick).
11925 training steps, loss=1218.596, steps/s=4.87 took 0:40:50 (0:08:29 since last tick).
12175 training steps, loss=1223.174, steps/s=4.14 took 0:48:57 (0:08:07 since last tick).
Epoch 7, steps=25, loss=1201.054
Evaluating
Dev loss=140.688540
SRL (unofficial): Precision: 84.0213596221, Recall: 83.3537082315, F1: 83.6862023115
Unlabeled SRL (unofficial): Precision: 88.0057506675, Recall: 87.3064384678, F1: 87.6546998057
gold path ../data/chn_srl/dev/dev.props
Output temp outoput /tmp/srl_pred_34743.tmp
Number of Sentences    :         561
Number of Propositions :        2064
Percentage of perfect props :  59.50

              corr.  excess  missed    prec.    rec.      F1
------------------------------------------------------------
   Overall     4091     778     817    84.02   83.35   83.69
----------
